review_id,sentiment0,-2
1,-2
2,1
3,1
4,-1
5,1
6,1
7,-2
8,0
9,-2
10,0
11,-1
12,-1
13,0
14,1
15,1
16,0
17,1
18,-2
19,0
20,-2
21,0
22,-1
23,-1
24,1
25,0
26,-1
27,0
28,-1
29,1
30,-2
31,-2
32,-2
33,-1
34,-1
35,0
36,0
37,-2
38,-2
39,0
40,1
41,-1
42,0
43,-2
44,0
45,1
46,-2
47,0
48,-1
49,-1
50,1
51,1
52,-1
53,0
54,-1
55,-2
56,-2
57,-2
58,1
59,1
60,-2
61,-2
62,0
63,0
64,-2
65,-1
66,1
67,0
68,1
69,0
70,0
71,-2
72,1
73,0
74,-1
75,-1
76,0
77,-2
78,0
79,1
80,-1
81,-1
82,-1
83,0
84,-1
85,0
86,0
87,0
88,1
89,-1
90,1
91,1
92,0
93,-1
94,-1
95,1
96,0
97,1
98,1
99,-2
100,1
101,-2
102,1
103,0
104,0
105,0
106,1
107,0
108,-2
109,-1
110,-2
111,0
112,-1
113,1
114,-1
115,-1
116,-1
117,-1
118,-1
119,0
120,0
121,-2
122,-2
123,1
124,-2
125,1
126,0
127,0
128,0
129,0
130,0
131,-1
132,-1
133,0
134,-2
135,-1
136,1
137,-1
138,0
139,0
140,1
141,1
142,-1
143,-2
144,1
145,-1
146,0
147,0
148,0
149,-2
150,-2
151,0
152,-1
153,0
154,-2
155,-2
156,-2
157,1
158,1
159,-2
160,0
161,-1
162,-1
163,-1
164,-1
165,-2
166,1
167,-2
168,1
169,-1
170,-1
171,1
172,-2
173,-2
174,-2
175,-1
176,0
177,0
178,0
179,1
180,-2
181,-2
182,0
183,-2
184,-1
185,1
186,-2
187,-1
188,-2
189,1
190,1
191,-1
192,0
193,-1
194,1
195,0
196,1
197,1
198,-1
199,1
200,1
201,1
202,1
203,-1
204,-2
205,1
206,1
207,-1
208,-1
209,1
210,-2
211,-2
212,0
213,1
214,1
215,-1
216,0
217,1
218,-2
219,0
220,-2
221,-1
222,0
223,-2
224,-1
225,-1
226,-2
227,0
228,1
229,-2
230,0
231,-1
232,1
233,-2
234,-1
235,-1
236,1
237,0
238,-1
239,-1
240,0
241,-2
242,0
243,1
244,1
245,0
246,1
247,1
248,1
249,-1
250,-2
251,-1
252,0
253,0
254,0
255,-2
256,-1
257,-2
258,-2
259,1
260,0
261,1
262,-2
263,1
264,0
265,1
266,0
267,-1
268,-2
269,0
270,-1
271,1
272,-2
273,-2
274,0
275,-1
276,1
277,-1
278,-1
279,-2
280,-2
281,-1
282,-1
283,-2
284,0
285,-1
286,0
287,0
288,-2
289,-2
290,0
291,1
292,0
293,0
294,-2
295,1
296,-2
297,1
298,0
299,1
300,-2
301,1
302,1
303,1
304,1
305,1
306,0
307,0
308,-1
309,1
310,0
311,1
312,0
313,1
314,1
315,0
316,1
317,1
318,1
319,-1
320,0
321,-1
322,-1
323,1
324,0
325,1
326,0
327,-1
328,1
329,-1
330,1
331,-1
332,1
333,-1
334,1
335,-2
336,1
337,1
338,1
339,-1
340,0
341,-2
342,0
343,-2
344,1
345,1
346,-1
347,0
348,0
349,-1
350,1
351,1
352,0
353,1
354,-2
355,-2
356,1
357,-2
358,1
359,-2
360,-1
361,-2
362,0
363,-2
364,0
365,-2
366,-2
367,1
368,-1
369,1
370,-1
371,-2
372,0
373,1
374,1
375,0
376,-1
377,1
378,0
379,0
380,0
381,0
382,1
383,1
384,0
385,-1
386,1
387,-1
388,-1
389,-2
390,1
391,1
392,-2
393,0
394,-2
395,-1
396,1
397,-1
398,0
399,0
400,-1
401,0
402,-1
403,1
404,-2
405,-2
406,-1
407,0
408,-2
409,-2
410,1
411,0
412,0
413,1
414,-2
415,-1
416,1
417,-2
418,0
419,1
420,-2
421,-2
422,1
423,1
424,0
425,-1
426,-1
427,0
428,-2
429,-2
430,-2
431,0
432,-2
433,-2
434,-1
435,0
436,0
437,-1
438,0
439,0
440,1
441,-2
442,0
443,-2
444,1
445,0
446,-1
447,0
448,-2
449,-1
450,0
451,0
452,-2
453,-1
454,0
455,1
456,-2
457,-1
458,-2
459,1
460,1
461,1
462,1
463,0
464,-1
465,0
466,-1
467,1
468,-1
469,-2
470,-1
471,-1
472,-2
473,1
474,-2
475,-2
476,0
477,-1
478,-2
479,-2
480,-2
481,-2
482,-2
483,1
484,-1
485,1
486,-2
487,-1
488,-1
489,1
490,-2
491,0
492,0
493,-2
494,1
495,0
496,0
497,0
498,1
499,1
500,1
501,-2
502,-2
503,-2
504,1
505,-2
506,-1
507,0
508,-1
509,-2
510,-1
511,1
512,1
513,-1
514,-2
515,-2
516,-2
517,-1
518,-1
519,-2
520,1
521,0
522,0
523,-1
524,0
525,1
526,-2
527,-2
528,1
529,0
530,0
531,-1
532,-1
533,-1
534,-1
535,0
536,-1
537,1
538,-1
539,-2
540,1
541,-1
542,-1
543,-1
544,-1
545,-2
546,0
547,1
548,1
549,-1
550,-2
551,1
552,1
553,0
554,1
555,-2
556,0
557,0
558,0
559,1
560,-2
561,1
562,0
563,1
564,1
565,-1
566,0
567,-2
568,-2
569,-1
570,-2
571,-2
572,-2
573,-1
574,0
575,-1
576,-2
577,-1
578,1
579,0
580,-2
581,0
582,0
583,-2
584,1
585,-2
586,-2
587,0
588,1
589,-2
590,1
591,1
592,1
593,1
594,0
595,-2
596,-2
597,0
598,0
599,0
600,0
601,0
602,0
603,-1
604,-1
605,1
606,-2
607,-2
608,1
609,-1
610,-1
611,-1
612,-2
613,1
614,1
615,0
616,1
617,-2
618,-1
619,1
620,-1
621,1
622,0
623,-2
624,0
625,0
626,-2
627,-1
628,-2
629,0
630,-2
631,-2
632,1
633,0
634,-1
635,-1
636,0
637,1
638,1
639,-2
640,-1
641,-1
642,1
643,-1
644,-2
645,0
646,1
647,-1
648,-2
649,-2
650,0
651,-2
652,-1
653,0
654,0
655,-2
656,-1
657,-2
658,0
659,-1
660,0
661,-2
662,0
663,1
664,-2
665,-1
666,-1
667,-1
668,0
669,0
670,1
671,0
672,-1
673,0
674,0
675,1
676,-1
677,1
678,0
679,0
680,-2
681,1
682,-2
683,-2
684,-1
685,-2
686,0
687,-2
688,0
689,-1
690,0
691,1
692,0
693,-1
694,-2
695,-1
696,1
697,1
698,-2
699,-2
700,1
701,1
702,-1
703,-2
704,-1
705,0
706,0
707,0
708,1
709,-1
710,0
711,-2
712,0
713,0
714,-2
715,-1
716,0
717,1
718,-1
719,-1
720,-2
721,-2
722,-1
723,0
724,-1
725,0
726,-1
727,-1
728,0
729,-2
730,1
731,0
732,-2
733,1
734,-2
735,0
736,1
737,1
738,-2
739,1
740,1
741,-1
742,-1
743,-1
744,0
745,1
746,-2
747,0
748,0
749,-2
750,0
751,1
752,-2
753,-2
754,1
755,1
756,0
757,-1
758,0
759,-1
760,0
761,-1
762,-1
763,0
764,1
765,1
766,-2
767,1
768,-1
769,1
770,1
771,-2
772,-1
773,0
774,1
775,1
776,-2
777,0
778,0
779,1
780,1
781,0
782,0
783,-1
784,1
785,-1
786,-1
787,-2
788,1
789,-2
790,-1
791,-1
792,-1
793,0
794,1
795,1
796,-1
797,1
798,0
799,-2
800,1
801,1
802,-1
803,1
804,0
805,-1
806,-2
807,1
808,0
809,-1
810,1
811,0
812,0
813,-1
814,0
815,-2
816,-2
817,1
818,1
819,1
820,-1
821,-2
822,-1
823,1
824,1
825,-2
826,-1
827,1
828,1
829,0
830,-1
831,1
832,-1
833,1
834,0
835,1
836,-1
837,-2
838,1
839,-1
840,1
841,1
842,-1
843,1
844,0
845,-2
846,-2
847,-1
848,0
849,-2
850,1
851,-1
852,0
853,-1
854,-2
855,1
856,-1
857,0
858,-1
859,-1
860,-1
861,-2
862,0
863,0
864,-2
865,-2
866,-1
867,-2
868,0
869,1
870,-1
871,0
872,-1
873,-1
874,-2
875,-1
876,0
877,0
878,-1
879,-1
880,-1
881,-2
882,1
883,-2
884,1
885,-2
886,0
887,1
888,-2
889,0
890,-2
891,-2
892,0
893,0
894,-2
895,-1
896,-2
897,0
898,-1
899,0
900,-2
901,0
902,0
903,0
904,-1
905,-2
906,-2
907,1
908,1
909,-2
910,0
911,1
912,-2
913,-2
914,-1
915,0
916,1
917,1
918,-1
919,-2
920,1
921,0
922,0
923,-2
924,1
925,0
926,1
927,-1
928,1
929,0
930,1
931,-2
932,-1
933,-1
934,1
935,0
936,0
937,-2
938,0
939,-2
940,0
941,-1
942,0
943,-2
944,-2
945,-1
946,-2
947,1
948,0
949,0
950,0
951,-1
952,-2
953,0
954,1
955,-2
956,0
957,-2
958,0
959,1
960,-2
961,-2
962,-1
963,-1
964,-1
965,0
966,-1
967,1
968,-2
969,-2
970,-2
971,-1
972,-2
973,0
974,0
975,-1
976,1
977,1
978,-2
979,0
980,-2
981,-2
982,0
983,-1
984,1
985,-2
986,1
987,1
988,1
989,-2
990,1
991,-2
992,1
993,-2
994,1
995,-2
996,0
997,-1
998,1
999,-1
1000,1
1001,-1
1002,1
1003,-2
1004,0
1005,0
1006,-2
1007,-1
1008,1
1009,0
1010,-1
1011,0
1012,0
1013,-2
1014,-2
1015,1
1016,-2
1017,-1
1018,1
1019,0
1020,1
1021,-2
1022,0
1023,1
1024,1
1025,0
1026,-2
1027,0
1028,0
1029,1
1030,-1
1031,1
1032,0
1033,-1
1034,-2
1035,0
1036,-1
1037,1
1038,-1
1039,1
1040,0
1041,1
1042,1
1043,-1
1044,1
1045,1
1046,-2
1047,-2
1048,1
1049,-1
1050,0
1051,1
1052,-2
1053,-1
1054,1
1055,-2
1056,-2
1057,0
1058,-1
1059,0
1060,1
1061,-2
1062,-2
1063,-1
1064,-2
1065,0
1066,-1
1067,-1
1068,-1
1069,-1
1070,-1
1071,1
1072,-2
1073,1
1074,-2
1075,-2
1076,0
1077,-2
1078,-1
1079,0
1080,-1
1081,-1
1082,0
1083,-2
1084,1
1085,-2
1086,-2
1087,0
1088,-2
1089,0
1090,0
1091,1
1092,0
1093,0
1094,-1
1095,0
1096,1
1097,-2
1098,1
1099,0
1100,-1
1101,-2
1102,-2
1103,-1
1104,1
1105,1
1106,-1
1107,-2
1108,1
1109,1
1110,1
1111,0
1112,-1
1113,0
1114,-1
1115,-2
1116,0
1117,-1
1118,-1
1119,0
1120,-1
1121,1
1122,-2
1123,1
1124,-2
1125,1
1126,0
1127,1
1128,1
1129,-2
1130,0
1131,0
1132,-2
1133,1
1134,-1
1135,0
1136,1
1137,-2
1138,1
1139,1
1140,-2
1141,0
1142,0
1143,1
1144,-2
1145,-2
1146,-1
1147,-2
1148,0
1149,-1
1150,0
1151,-1
1152,0
1153,0
1154,-2
1155,1
1156,1
1157,-2
1158,-2
1159,0
1160,-1
1161,-1
1162,0
1163,1
1164,-2
1165,1
1166,0
1167,0
1168,0
1169,0
1170,0
1171,-2
1172,-2
1173,-2
1174,-2
1175,-1
1176,0
1177,0
1178,-2
1179,0
1180,-2
1181,-1
1182,-1
1183,-2
1184,-1
1185,-1
1186,-2
1187,-2
1188,-2
1189,1
1190,-2
1191,1
1192,-1
1193,1
1194,-1
1195,0
1196,0
1197,1
1198,0
1199,0
1200,-2
1201,1
1202,0
1203,0
1204,1
1205,1
1206,-2
1207,1
1208,1
1209,0
1210,0
1211,0
1212,1
1213,-1
1214,-2
1215,1
1216,-1
1217,-2
1218,1
1219,1
1220,-1
1221,0
1222,-2
1223,-1
1224,1
1225,0
1226,0
1227,1
1228,1
1229,-2
1230,-2
1231,-1
1232,0
1233,0
1234,-2
1235,-1
1236,0
1237,-2
1238,1
1239,0
1240,-1
1241,-1
1242,0
1243,1
1244,1
1245,1
1246,-2
1247,-2
1248,-2
1249,0
1250,0
1251,-2
1252,-2
1253,-2
1254,0
1255,-2
1256,-2
1257,-1
1258,-2
1259,1
1260,-1
1261,0
1262,-1
1263,0
1264,-1
1265,1
1266,-1
1267,-1
1268,-1
1269,-1
1270,0
1271,-2
1272,0
1273,1
1274,-1
1275,-1
1276,0
1277,0
1278,-2
1279,0
1280,-1
1281,-1
1282,0
1283,0
1284,-2
1285,-1
1286,-2
1287,-1
1288,-2
1289,-2
1290,-1
1291,0
1292,1
1293,0
1294,0
1295,0
1296,0
1297,-1
1298,1
1299,-2
1300,-1
1301,-1
1302,0
1303,1
1304,1
1305,1
1306,1
1307,0
1308,-1
1309,-1
1310,-1
1311,1
1312,0
1313,0
1314,1
1315,-1
1316,-2
1317,-2
1318,-1
1319,1
1320,-2
1321,1
1322,-1
1323,1
1324,-2
1325,0
1326,-2
1327,-2
1328,-2
1329,-2
1330,-2
1331,-2
1332,0
1333,1
1334,-2
1335,0
1336,1
1337,-1
1338,-2
1339,1
1340,-2
1341,-2
1342,1
1343,-1
1344,-2
1345,0
1346,0
1347,0
1348,-1
1349,0
1350,0
1351,-1
1352,-1
1353,1
1354,-2
1355,1
1356,-2
1357,-2
1358,0
1359,0
1360,1
1361,0
1362,-1
1363,-2
1364,-1
1365,0
1366,-2
1367,-2
1368,0
1369,0
1370,1
1371,-2
1372,0
1373,1
1374,-2
1375,0
1376,1
1377,1
1378,1
1379,-1
1380,-1
1381,1
1382,0
1383,0
1384,0
1385,1
1386,0
1387,0
1388,-2
1389,1
1390,0
1391,1
1392,1
1393,1
1394,0
1395,0
1396,0
1397,-2
1398,-2
1399,-2
1400,-2
1401,-1
1402,-1
1403,-2
1404,1
1405,1
1406,-1
1407,0
1408,-2
1409,1
1410,1
1411,0
1412,0
1413,1
1414,-1
1415,-1
1416,-2
1417,1
1418,0
1419,0
1420,1
1421,-2
1422,0
1423,-1
1424,-2
1425,-2
1426,0
1427,-1
1428,1
1429,-1
1430,0
1431,-1
1432,-1
1433,-1
1434,1
1435,-1
1436,1
1437,0
1438,0
1439,0
1440,0
1441,-2
1442,0
1443,-1
1444,1
1445,-2
1446,-2
1447,1
1448,1
1449,-1
1450,-2
1451,-2
1452,0
1453,-2
1454,1
1455,1
1456,1
1457,-1
1458,1
1459,-1
1460,-1
1461,-2
1462,0
1463,1
1464,1
1465,-1
1466,1
1467,-2
1468,1
1469,-2
1470,-2
1471,-1
1472,-1
1473,-2
1474,0
1475,-2
1476,-2
1477,0
1478,-2
1479,0
1480,0
1481,-1
1482,-2
1483,1
1484,-2
1485,0
1486,0
1487,0
1488,-1
1489,1
1490,1
1491,0
1492,0
1493,0
1494,-2
1495,0
1496,0
1497,-1
1498,-1
1499,1
1500,-1
1501,0
1502,-1
1503,0
1504,-1
1505,1
1506,1
1507,0
1508,-1
1509,-2
1510,0
1511,1
1512,-2
1513,0
1514,0
1515,-1
1516,0
1517,1
1518,-2
1519,-1
1520,1
1521,0
1522,1
1523,-1
1524,-2
1525,0
1526,-2
1527,0
1528,0
1529,-2
1530,0
1531,-1
1532,-1
1533,-1
1534,-1
1535,1
1536,-1
1537,-1
1538,0
1539,-1
1540,-1
1541,1
1542,1
1543,0
1544,1
1545,0
1546,-2
1547,-1
1548,-2
1549,-2
1550,0
1551,-1
1552,-1
1553,1
1554,-1
1555,1
1556,-2
1557,-1
1558,-2
1559,0
1560,-2
1561,-1
1562,-1
1563,-2
1564,1
1565,0
1566,0
1567,-2
1568,0
1569,1
1570,1
1571,1
1572,1
1573,0
1574,-2
1575,1
1576,1
1577,1
1578,1
1579,0
1580,1
1581,-1
1582,-1
1583,-2
1584,0
1585,-1
1586,0
1587,1
1588,0
1589,1
1590,-1
1591,-2
1592,0
1593,-1
1594,-2
1595,0
1596,1
1597,1
1598,-2
1599,-1
1600,-1
1601,-1
1602,1
1603,0
1604,1
1605,-1
1606,0
1607,0
1608,-1
1609,-1
1610,1
1611,-1
1612,-2
1613,0
1614,0
1615,0
1616,1
1617,1
1618,-2
1619,0
1620,1
1621,0
1622,1
1623,-1
1624,1
1625,0
1626,-2
1627,-1
1628,0
1629,-2
1630,-1
1631,1
1632,1
1633,-2
1634,-1
1635,1
1636,-2
1637,-1
1638,0
1639,-1
1640,-2
1641,1
1642,1
1643,0
1644,-1
1645,-1
1646,0
1647,-1
1648,1
1649,-2
1650,-1
1651,0
1652,0
1653,0
1654,-2
1655,0
1656,-2
1657,1
1658,-2
1659,0
1660,1
1661,-2
1662,-1
1663,-2
1664,0
1665,0
1666,0
1667,1
1668,-2
1669,-1
1670,0
1671,-2
1672,1
1673,1
1674,-2
1675,1
1676,1
1677,1
1678,1
1679,0
1680,0
1681,-1
1682,1
1683,0
1684,-1
1685,-1
1686,0
1687,1
1688,1
1689,-2
1690,-1
1691,-2
1692,1
1693,1
1694,0
1695,-2
1696,-1
1697,-2
1698,0
1699,-1
1700,-1
1701,1
1702,0
1703,0
1704,-1
1705,1
1706,0
1707,-2
1708,-2
1709,-1
1710,-2
1711,1
1712,-1
1713,-2
1714,-1
1715,-2
1716,1
1717,1
1718,-1
1719,0
1720,-1
1721,1
1722,1
1723,1
1724,-1
1725,1
1726,-2
1727,0
1728,1
1729,-2
1730,-1
1731,-2
1732,1
1733,1
1734,0
1735,-2
1736,1
1737,0
1738,1
1739,-1
1740,-1
1741,0
1742,0
1743,0
1744,0
1745,0
1746,-1
1747,-1
1748,1
1749,-1
1750,-2
1751,-1
1752,-1
1753,-2
1754,1
1755,0
1756,1
1757,-1
1758,-1
1759,-2
1760,-1
1761,-1
1762,0
1763,-1
1764,1
1765,0
1766,1
1767,0
1768,1
1769,0
1770,0
1771,1
1772,-1
1773,-1
1774,0
1775,0
1776,-2
1777,-2
1778,0
1779,-2
1780,1
1781,-2
1782,0
1783,-1
1784,-1
1785,0
1786,-1
1787,1
1788,1
1789,-1
1790,0
1791,1
1792,-1
1793,0
1794,1
1795,-1
1796,0
1797,-1
1798,-2
1799,1
1800,0
1801,-2
1802,0
1803,-2
1804,-2
1805,-1
1806,-1
1807,1
1808,-1
1809,1
1810,-2
1811,-1
1812,-1
1813,-1
1814,-2
1815,0
1816,-1
1817,1
1818,-2
1819,1
1820,-2
1821,0
1822,-1
1823,-2
1824,1
1825,0
1826,0
1827,-1
1828,-2
1829,1
1830,-2
1831,-2
1832,-2
1833,-2
1834,-1
1835,1
1836,0
1837,1
1838,0
1839,-1
1840,1
1841,-2
1842,0
1843,-2
1844,1
1845,0
1846,0
1847,1
1848,0
1849,0
1850,-2
1851,-1
1852,-1
1853,1
1854,-1
1855,1
1856,-1
1857,-1
1858,-1
1859,-1
1860,1
1861,-1
1862,0
1863,0
1864,1
1865,0
1866,1
1867,-2
1868,1
1869,-2
1870,0
1871,-1
1872,-1
1873,0
1874,-1
1875,1
1876,1
1877,1
1878,-1
1879,-2
1880,-2
1881,1
1882,0
1883,-1
1884,-1
1885,1
1886,1
1887,-2
1888,0
1889,-1
1890,0
1891,-2
1892,1
1893,0
1894,-1
1895,0
1896,1
1897,1
1898,-2
1899,-2
1900,-2
1901,-1
1902,0
1903,-1
1904,-2
1905,1
1906,-2
1907,1
1908,-2
1909,-2
1910,1
1911,-2
1912,-2
1913,1
1914,1
1915,0
1916,-2
1917,1
1918,-2
1919,1
1920,1
1921,0
1922,-2
1923,0
1924,1
1925,-2
1926,1
1927,-1
1928,1
1929,-1
1930,-2
1931,-1
1932,1
1933,1
1934,0
1935,-1
1936,1
1937,-1
1938,-1
1939,-1
1940,-1
1941,-1
1942,-2
1943,-1
1944,0
1945,-2
1946,-1
1947,-1
1948,0
1949,-2
1950,1
1951,1
1952,0
1953,0
1954,1
1955,0
1956,1
1957,1
1958,0
1959,1
1960,-2
1961,1
1962,-1
1963,-2
1964,-2
1965,0
1966,-2
1967,-1
1968,0
1969,1
1970,-1
1971,1
1972,-1
1973,1
1974,0
1975,-2
1976,0
1977,-2
1978,-1
1979,0
1980,1
1981,-1
1982,0
1983,-2
1984,0
1985,-1
1986,0
1987,0
1988,1
1989,-2
1990,-1
1991,0
1992,-2
1993,-2
1994,1
1995,0
1996,1
1997,-1
1998,-1
1999,-1
2000,-1
2001,1
2002,-1
2003,1
2004,1
2005,0
2006,-2
2007,1
2008,-2
2009,-2
2010,0
2011,-2
2012,1
2013,-2
2014,1
2015,0
2016,-2
2017,0
2018,-2
2019,-1
2020,-1
2021,0
2022,-2
2023,0
2024,0
2025,0
2026,-2
2027,1
2028,0
2029,-1
2030,0
2031,-2
2032,0
2033,-1
2034,0
2035,1
2036,-1
2037,1
2038,1
2039,-2
2040,-2
2041,-1
2042,0
2043,1
2044,-2
2045,-1
2046,1
2047,1
2048,-1
2049,-1
2050,1
2051,1
2052,-2
2053,0
2054,-1
2055,-2
2056,0
2057,0
2058,1
2059,-1
2060,-1
2061,0
2062,1
2063,-1
2064,0
2065,-2
2066,-1
2067,-2
2068,-2
2069,0
2070,-1
2071,1
2072,-1
2073,-1
2074,1
2075,0
2076,1
2077,1
2078,1
2079,-2
2080,1
2081,0
2082,1
2083,-2
2084,1
2085,-2
2086,-1
2087,-2
2088,0
2089,0
2090,1
2091,-1
2092,0
2093,1
2094,-2
2095,1
2096,-2
2097,0
2098,0
2099,-2
2100,-2
2101,1
2102,-1
2103,0
2104,0
2105,-2
2106,1
2107,1
2108,0
2109,-1
2110,1
2111,-2
2112,-1
2113,-1
2114,0
2115,-2
2116,0
2117,-1
2118,-1
2119,1
2120,-2
2121,-1
2122,1
2123,0
2124,-2
2125,-1
2126,1
2127,-2
2128,-2
2129,1
2130,-1
2131,0
2132,-1
2133,-2
2134,-1
2135,1
2136,0
2137,0
2138,-1
2139,-1
2140,1
2141,-2
2142,-1
2143,0
2144,-1
2145,0
2146,-2
2147,0
2148,-2
2149,-2
2150,-2
2151,1
2152,1
2153,-1
2154,-1
2155,0
2156,-2
2157,1
2158,1
2159,0
2160,0
2161,1
2162,1
2163,-1
2164,1
2165,-1
2166,-2
2167,-1
2168,-1
2169,-2
2170,-1
2171,0
2172,-2
2173,-1
2174,1
2175,-2
2176,-2
2177,0
2178,-2
2179,0
2180,1
2181,-2
2182,-2
2183,-1
2184,1
2185,0
2186,-2
2187,1
2188,-1
2189,-2
2190,-1
2191,-1
2192,-2
2193,-2
2194,-1
2195,0
2196,0
2197,0
2198,-2
2199,-2
2200,-2
2201,-1
2202,-1
2203,-2
2204,-1
2205,-1
2206,-2
2207,-1
2208,0
2209,0
2210,1
2211,-2
2212,-1
2213,1
2214,-2
2215,1
2216,1
2217,-1
2218,-2
2219,1
2220,0
2221,-1
2222,-1
2223,-1
2224,0
2225,0
2226,-2
2227,1
2228,1
2229,-1
2230,-2
2231,-2
2232,-2
2233,-2
2234,-1
2235,0
2236,0
2237,0
2238,0
2239,-1
2240,1
2241,1
2242,-2
2243,1
2244,-2
2245,1
2246,1
2247,1
2248,1
2249,1
2250,-1
2251,0
2252,-2
2253,-2
2254,-1
2255,-2
2256,1
2257,0
2258,1
2259,0
2260,1
2261,-1
2262,1
2263,-1
2264,-1
2265,0
2266,-2
2267,-2
2268,0
2269,-1
2270,-2
2271,-1
2272,-1
2273,1
2274,-2
2275,0
2276,-1
2277,-2
2278,-2
2279,-1
2280,0
2281,1
2282,-2
2283,1
2284,0
2285,1
2286,0
2287,-1
2288,-1
2289,1
2290,-1
2291,1
2292,-1
2293,0
2294,-2
2295,-2
2296,0
2297,-1
2298,0
2299,0
2300,-1
2301,-2
2302,0
2303,0
2304,-2
2305,1
2306,1
2307,-2
2308,1
2309,0
2310,-2
2311,-2
2312,-1
2313,1
2314,-2
2315,-1
2316,0
2317,-1
2318,-1
2319,-2
2320,-2
2321,0
2322,0
2323,-2
2324,-2
2325,-2
2326,-1
2327,0
2328,-2
2329,0
2330,1
2331,-1
2332,-2
2333,-2
2334,-1
2335,1
2336,1
2337,1
2338,-1
2339,1
2340,1
2341,-1
2342,0
2343,0
2344,1
2345,0
2346,-2
2347,1
2348,-2
2349,-1
2350,-1
2351,1
2352,-1
2353,1
2354,-1
2355,-1
2356,1
2357,-2
2358,-1
2359,-2
2360,-1
2361,-2
2362,-2
2363,1
2364,-1
2365,0
2366,-2
2367,0
2368,1
2369,-1
2370,1
2371,-1
2372,-1
2373,1
2374,-1
2375,1
2376,-1
2377,-1
2378,-2
2379,1
2380,1
2381,-2
2382,0
2383,-2
2384,0
2385,0
2386,-2
2387,-2
2388,-2
2389,1
2390,1
2391,1
2392,0
2393,1
2394,1
2395,-2
2396,-2
2397,-1
2398,1
2399,1
2400,0
2401,-2
2402,0
2403,-2
2404,1
2405,1
2406,-2
2407,1
2408,-2
2409,-1
2410,1
2411,-2
2412,-2
2413,1
2414,1
2415,-1
2416,1
2417,1
2418,-1
2419,1
2420,0
2421,-2
2422,-2
2423,-2
2424,-1
2425,-1
2426,0
2427,1
2428,1
2429,0
2430,-2
2431,0
2432,-2
2433,-1
2434,-2
2435,1
2436,1
2437,-1
2438,0
2439,1
2440,0
2441,-2
2442,-2
2443,-1
2444,0
2445,1
2446,-1
2447,-2
2448,0
2449,0
2450,-1
2451,0
2452,0
2453,1
2454,0
2455,1
2456,-1
2457,-1
2458,-1
2459,-2
2460,-2
2461,-2
2462,1
2463,-2
2464,-2
2465,0
2466,-1
2467,1
2468,-2
2469,-1
2470,0
2471,-2
2472,-2
2473,0
2474,1
2475,-1
2476,1
2477,-2
2478,1
2479,1
2480,-2
2481,-2
2482,1
2483,0
2484,-2
2485,-1
2486,0
2487,-2
2488,0
2489,-1
2490,-2
2491,0
2492,1
2493,-2
2494,-1
2495,0
2496,-1
2497,0
2498,0
2499,-2
2500,1
2501,1
2502,0
2503,1
2504,0
2505,1
2506,-2
2507,1
2508,-1
2509,0
2510,-1
2511,0
2512,-2
2513,-2
2514,1
2515,0
2516,-1
2517,-2
2518,-1
2519,-2
2520,0
2521,0
2522,0
2523,1
2524,0
2525,-2
2526,-2
2527,-1
2528,0
2529,1
2530,0
2531,1
2532,-2
2533,0
2534,1
2535,-1
2536,0
2537,1
2538,0
2539,1
2540,0
2541,-2
2542,1
2543,-2
2544,1
2545,1
2546,1
2547,-1
2548,1
2549,0
2550,-1
2551,0
2552,-2
2553,-2
2554,1
2555,1
2556,-1
2557,0
2558,1
2559,-1
2560,-1
2561,-2
2562,-1
2563,1
2564,1
2565,-2
2566,-2
2567,0
2568,-2
2569,-2
2570,1
2571,-1
2572,-1
2573,1
2574,-2
2575,1
2576,-1
2577,1
2578,-1
2579,-2
2580,0
2581,0
2582,1
2583,-2
2584,1
2585,-2
2586,-2
2587,1
2588,-2
2589,-1
2590,-2
2591,-2
2592,-1
2593,-1
2594,1
2595,0
2596,-2
2597,-2
2598,1
2599,1
2600,-1
2601,1
2602,0
2603,0
2604,1
2605,0
2606,0
2607,-1
2608,-1
2609,-2
2610,1
2611,1
2612,1
2613,1
2614,0
2615,-1
2616,1
2617,1
2618,0
2619,-1
2620,-2
2621,-1
2622,-1
2623,-2
2624,-2
2625,1
2626,1
2627,0
2628,0
2629,-2
2630,1
2631,0
2632,1
2633,1
2634,1
2635,1
2636,-2
2637,-1
2638,0
2639,0
2640,1
2641,0
2642,1
2643,0
2644,1
2645,1
2646,-1
2647,1
2648,1
2649,0
2650,-1
2651,-1
2652,-1
2653,0
2654,0
2655,-1
2656,-2
2657,-2
2658,-2
2659,1
2660,1
2661,-2
2662,-1
2663,0
2664,-2
2665,0
2666,-2
2667,0
2668,-2
2669,1
2670,1
2671,-2
2672,-1
2673,-1
2674,-2
2675,1
2676,1
2677,0
2678,-2
2679,1
2680,0
2681,1
2682,0
2683,0
2684,-2
2685,0
2686,0
2687,-2
2688,-1
2689,-2
2690,0
2691,-2
2692,1
2693,0
2694,1
2695,-2
2696,1
2697,-2
2698,-2
2699,-2
2700,-2
2701,0
2702,0
2703,1
2704,-1
2705,1
2706,1
2707,0
2708,-1
2709,-2
2710,0
2711,1
2712,1
2713,-2
2714,-1
2715,-2
2716,1
2717,0
2718,-1
2719,1
2720,-1
2721,0
2722,0
2723,-2
2724,1
2725,-2
2726,-1
2727,-1
2728,-1
2729,-2
2730,-2
2731,-1
2732,1
2733,1
2734,-2
2735,0
2736,0
2737,1
2738,1
2739,-2
2740,1
2741,-2
2742,1
2743,-1
2744,-1
2745,1
2746,-1
2747,-1
2748,-2
2749,-2
2750,-2
2751,-2
2752,-1
2753,-2
2754,-2
2755,0
2756,-1
2757,-2
2758,-2
2759,-2
2760,-2
2761,-2
2762,-2
2763,-1
2764,1
2765,-1
2766,0
2767,1
2768,0
2769,1
2770,-2
2771,0
2772,0
2773,-2
2774,-2
2775,1
2776,-2
2777,-2
2778,0
2779,-1
2780,-2
2781,-2
2782,-2
2783,1
2784,-1
2785,1
2786,-1
2787,-1
2788,1
2789,1
2790,1
2791,1
2792,0
2793,1
2794,1
2795,1
2796,0
2797,-1
2798,-2
2799,-1
2800,-2
2801,-1
2802,-1
2803,1
2804,-1
2805,0
2806,-2
2807,1
2808,-1
2809,-2
2810,-2
2811,0
2812,1
2813,1
2814,-1
2815,-1
2816,0
2817,-1
2818,0
2819,-2
2820,1
2821,0
2822,1
2823,0
2824,-1
2825,-1
2826,1
2827,1
2828,-1
2829,0
2830,-2
2831,-2
2832,1
2833,-1
2834,0
2835,0
2836,-1
2837,1
2838,1
2839,-1
2840,-1
2841,1
2842,-1
2843,-1
2844,-1
2845,0
2846,0
2847,0
2848,-2
2849,0
2850,-2
2851,1
2852,0
2853,-2
2854,1
2855,0
2856,-2
2857,0
2858,0
2859,-1
2860,-2
2861,1
2862,-2
2863,-2
2864,0
2865,-1
2866,-1
2867,1
2868,0
2869,-1
2870,-1
2871,-1
2872,-1
2873,1
2874,0
2875,0
2876,-1
2877,1
2878,-1
2879,-1
2880,-1
2881,1
2882,0
2883,1
2884,-1
2885,0
2886,1
2887,-2
2888,0
2889,-2
2890,-1
2891,-2
2892,-2
2893,1
2894,-1
2895,0
2896,-1
2897,-2
2898,-2
2899,1
2900,0
2901,-2
2902,0
2903,0
2904,1
2905,0
2906,-2
2907,0
2908,1
2909,1
2910,1
2911,1
2912,0
2913,0
2914,1
2915,-1
2916,-2
2917,1
2918,-2
2919,0
2920,-2
2921,0
2922,-2
2923,1
2924,-2
2925,-2
2926,1
2927,1
2928,0
2929,-2
2930,1
2931,1
2932,-2
2933,1
2934,0
2935,-1
2936,0
2937,1
2938,0
2939,0
2940,0
2941,1
2942,0
2943,0
2944,1
2945,1
2946,-1
2947,-2
2948,-2
2949,1
2950,1
2951,1
2952,-2
2953,-1
2954,0
2955,0
2956,0
2957,-1
2958,0
2959,0
2960,0
2961,-1
2962,-1
2963,-2
2964,-2
2965,0
2966,1
2967,-2
2968,-2
2969,-2
2970,0
2971,-2
2972,-2
2973,1
2974,0
2975,-2
2976,0
2977,-2
2978,0
2979,-2
2980,0
2981,-2
2982,1
2983,-2
2984,-2
2985,1
2986,1
2987,-2
2988,-1
2989,-1
2990,-2
2991,-1
2992,1
2993,1
2994,1
2995,-1
2996,1
2997,0
2998,-1
2999,1
3000,-1
3001,1
3002,0
3003,-1
3004,0
3005,-2
3006,1
3007,-1
3008,1
3009,1
3010,0
3011,0
3012,1
3013,1
3014,1
3015,-2
3016,1
3017,1
3018,-1
3019,1
3020,1
3021,-2
3022,0
3023,-2
3024,1
3025,-1
3026,0
3027,0
3028,1
3029,-2
3030,-1
3031,1
3032,0
3033,1
3034,1
3035,-1
3036,0
3037,-1
3038,1
3039,1
3040,-2
3041,-1
3042,-2
3043,-1
3044,0
3045,-2
3046,-1
3047,-1
3048,-1
3049,1
3050,1
3051,0
3052,0
3053,-2
3054,-1
3055,1
3056,1
3057,0
3058,0
3059,-2
3060,0
3061,0
3062,-1
3063,0
3064,0
3065,-2
3066,0
3067,-1
3068,1
3069,-1
3070,-1
3071,1
3072,-2
3073,1
3074,1
3075,-2
3076,-2
3077,0
3078,1
3079,0
3080,-1
3081,0
3082,-2
3083,-1
3084,0
3085,-2
3086,0
3087,-2
3088,-1
3089,-2
3090,-1
3091,-1
3092,0
3093,-1
3094,-1
3095,-1
3096,-1
3097,-2
3098,1
3099,-1
3100,-2
3101,-2
3102,-1
3103,-2
3104,-1
3105,1
3106,1
3107,0
3108,1
3109,-1
3110,-2
3111,-1
3112,-1
3113,1
3114,-2
3115,1
3116,-1
3117,-2
3118,-2
3119,0
3120,-1
3121,-2
3122,-2
3123,0
3124,-1
3125,-2
3126,-1
3127,-2
3128,-1
3129,-2
3130,-1
3131,0
3132,-2
3133,1
3134,-1
3135,-1
3136,-2
3137,0
3138,-2
3139,-2
3140,0
3141,0
3142,1
3143,-1
3144,1
3145,-1
3146,-2
3147,-1
3148,-2
3149,-2
3150,-2
3151,1
3152,-1
3153,1
3154,1
3155,-1
3156,0
3157,-1
3158,1
3159,-2
3160,-1
3161,-2
3162,-2
3163,0
3164,1
3165,-1
3166,1
3167,-2
3168,-2
3169,-1
3170,-1
3171,-2
3172,-1
3173,0
3174,0
3175,1
3176,-2
3177,-1
3178,1
3179,0
3180,-1
3181,1
3182,0
3183,-1
3184,0
3185,-2
3186,1
3187,-1
3188,0
3189,0
3190,0
3191,-1
3192,1
3193,1
3194,-2
3195,-2
3196,1
3197,0
3198,-1
3199,1
3200,-2
3201,-1
3202,0
3203,1
3204,1
3205,1
3206,-1
3207,0
3208,-1
3209,-1
3210,-1
3211,1
3212,-1
3213,-2
3214,-2
3215,1
3216,-2
3217,-2
3218,1
3219,0
3220,-1
3221,-2
3222,-1
3223,-2
3224,0
3225,1
3226,1
3227,0
3228,-2
3229,1
3230,-1
3231,-1
3232,-2
3233,-1
3234,0
3235,-1
3236,0
3237,1
3238,0
3239,0
3240,1
3241,-2
3242,-1
3243,1
3244,-2
3245,-2
3246,0
3247,-2
3248,1
3249,-2
3250,1
3251,-1
3252,1
3253,-1
3254,-1
3255,-1
3256,-2
3257,-1
3258,0
3259,-1
3260,0
3261,0
3262,-2
3263,-1
3264,0
3265,-1
3266,1
3267,-1
3268,0
3269,-1
3270,0
3271,1
3272,-1
3273,1
3274,1
3275,1
3276,1
3277,-2
3278,0
3279,0
3280,-2
3281,-2
3282,-1
3283,-1
3284,1
3285,0
3286,1
3287,1
3288,-1
3289,-2
3290,-1
3291,0
3292,0
3293,1
3294,1
3295,-2
3296,-1
3297,-2
3298,-2
3299,1
3300,-2
3301,1
3302,-1
3303,-1
3304,-1
3305,1
3306,-2
3307,1
3308,0
3309,-2
3310,-2
3311,0
3312,0
3313,-1
3314,-1
3315,-2
3316,-1
3317,-2
3318,0
3319,-2
3320,1
3321,0
3322,-1
3323,0
3324,0
3325,1
3326,-2
3327,-1
3328,0
3329,1
3330,-2
3331,1
3332,1
3333,1
3334,1
3335,-1
3336,1
3337,-1
3338,-1
3339,-1
3340,-2
3341,1
3342,0
3343,-2
3344,-1
3345,-2
3346,-1
3347,-2
3348,-2
3349,1
3350,-1
3351,1
3352,1
3353,1
3354,-1
3355,1
3356,1
3357,-2
3358,-1
3359,-2
3360,0
3361,1
3362,0
3363,1
3364,0
3365,1
3366,1
3367,1
3368,-1
3369,-2
3370,-1
3371,-1
3372,0
3373,1
3374,-1
3375,1
3376,-1
3377,0
3378,-1
3379,-2
3380,1
3381,0
3382,1
3383,-2
3384,-2
3385,-1
3386,0
3387,-1
3388,0
3389,-1
3390,-1
3391,-1
3392,1
3393,-1
3394,1
3395,0
3396,-1
3397,0
3398,-1
3399,-1
3400,-1
3401,0
3402,0
3403,1
3404,0
3405,-2
3406,1
3407,0
3408,1
3409,0
3410,0
3411,0
3412,-1
3413,-1
3414,-2
3415,0
3416,-2
3417,-1
3418,0
3419,1
3420,-2
3421,1
3422,1
3423,0
3424,-1
3425,1
3426,0
3427,0
3428,-2
3429,-1
3430,1
3431,-1
3432,-2
3433,-1
3434,-2
3435,0
3436,-2
3437,0
3438,0
3439,0
3440,-2
3441,-1
3442,-1
3443,-2
3444,-1
3445,-2
3446,-1
3447,-2
3448,-2
3449,1
3450,0
3451,-1
3452,-2
3453,-2
3454,-1
3455,0
3456,1
3457,1
3458,0
3459,0
3460,0
3461,-2
3462,1
3463,0
3464,-2
3465,-2
3466,-2
3467,-2
3468,1
3469,-2
3470,-2
3471,1
3472,-2
3473,-1
3474,0
3475,1
3476,0
3477,-2
3478,0
3479,-2
3480,1
3481,-2
3482,0
3483,-2
3484,1
3485,-2
3486,0
3487,-1
3488,0
3489,0
3490,1
3491,-1
3492,-2
3493,0
3494,-1
3495,-2
3496,-2
3497,-1
3498,-1
3499,0
3500,-2
3501,-1
3502,0
3503,0
3504,0
3505,0
3506,1
3507,-2
3508,0
3509,1
3510,0
3511,-1
3512,0
3513,-2
3514,0
3515,1
3516,-2
3517,0
3518,-2
3519,1
3520,1
3521,0
3522,1
3523,0
3524,0
3525,0
3526,0
3527,1
3528,-2
3529,1
3530,-1
3531,-2
3532,1
3533,1
3534,1
3535,-2
3536,-2
3537,-2
3538,-1
3539,1
3540,-2
3541,0
3542,1
3543,-1
3544,-1
3545,0
3546,1
3547,1
3548,0
3549,1
3550,0
3551,-2
3552,-2
3553,-2
3554,-2
3555,-2
3556,-2
3557,0
3558,-1
3559,0
3560,0
3561,-2
3562,-1
3563,1
3564,1
3565,1
3566,0
3567,0
3568,0
3569,-2
3570,0
3571,1
3572,-1
3573,1
3574,0
3575,1
3576,-1
3577,-1
3578,0
3579,-1
3580,-2
3581,1
3582,1
3583,-1
3584,-2
3585,-1
3586,-1
3587,-2
3588,0
3589,-1
3590,0
3591,0
3592,-1
3593,1
3594,-1
3595,1
3596,0
3597,-2
3598,0
3599,1
3600,-1
3601,-2
3602,-2
3603,0
3604,0
3605,1
3606,0
3607,0
3608,-1
3609,-2
3610,1
3611,0
3612,1
3613,-2
3614,-1
3615,0
3616,-2
3617,1
3618,-2
3619,1
3620,0
3621,-2
3622,0
3623,-1
3624,0
3625,0
3626,0
3627,1
3628,1
3629,0
3630,0
3631,-2
3632,-1
3633,1
3634,-2
3635,-1
3636,1
3637,-2
3638,1
3639,1
3640,1
3641,1
3642,0
3643,1
3644,-2
3645,-2
3646,-2
3647,-2
3648,-2
3649,-2
3650,1
3651,-2
3652,1
3653,0
3654,1
3655,1
3656,0
3657,0
3658,1
3659,0
3660,-2
3661,-1
3662,1
3663,-1
3664,-2
3665,1
3666,1
3667,-2
3668,-1
3669,-1
3670,1
3671,0
3672,1
3673,0
3674,-2
3675,0
3676,1
3677,1
3678,-2
3679,-2
3680,0
3681,-1
3682,0
3683,1
3684,0
3685,1
3686,-1
3687,-2
3688,-2
3689,1
3690,-2
3691,0
3692,1
3693,0
3694,-1
3695,-1
3696,0
3697,0
3698,-1
3699,-1
3700,-2
3701,1
3702,-2
3703,-1
3704,-2
3705,-2
3706,-1
3707,0
3708,-1
3709,-1
3710,-2
3711,-1
3712,-2
3713,1
3714,1
3715,-2
3716,-1
3717,1
3718,-2
3719,0
3720,-2
3721,-1
3722,-1
3723,1
3724,-2
3725,-1
3726,1
3727,-1
3728,-1
3729,-2
3730,1
3731,-1
3732,1
3733,1
3734,-1
3735,0
3736,0
3737,1
3738,-2
3739,-1
3740,1
3741,0
3742,0
3743,0
3744,-1
3745,-1
3746,-1
3747,1
3748,1
3749,0
3750,-2
3751,-1
3752,1
3753,1
3754,0
3755,-2
3756,1
3757,1
3758,1
3759,1
3760,-2
3761,-1
3762,-1
3763,1
3764,-1
3765,-1
3766,0
3767,-2
3768,-1
3769,-1
3770,-1
3771,-2
3772,1
3773,1
3774,0
3775,0
3776,-2
3777,1
3778,1
3779,0
3780,0
3781,1
3782,1
3783,1
3784,-2
3785,1
3786,-1
3787,-1
3788,1
3789,-2
3790,-1
3791,-1
3792,-1
3793,-1
3794,-2
3795,0
3796,-2
3797,0
3798,0
3799,-2
3800,-2
3801,1
3802,-1
3803,-2
3804,1
3805,1
3806,1
3807,1
3808,-2
3809,-2
3810,0
3811,1
3812,-2
3813,0
3814,1
3815,-1
3816,-2
3817,-1
3818,-1
3819,-2
3820,-2
3821,1
3822,-1
3823,-2
3824,0
3825,-1
3826,-2
3827,1
3828,0
3829,0
3830,-2
3831,1
3832,0
3833,1
3834,1
3835,1
3836,0
3837,-1
3838,-1
3839,0
3840,-1
3841,1
3842,0
3843,0
3844,0
3845,-2
3846,-1
3847,-1
3848,0
3849,0
3850,-2
3851,0
3852,1
3853,0
3854,0
3855,0
3856,1
3857,-2
3858,1
3859,-2
3860,-2
3861,1
3862,0
3863,-1
3864,-2
3865,1
3866,-1
3867,0
3868,0
3869,-2
3870,0
3871,-1
3872,-1
3873,1
3874,-1
3875,-2
3876,1
3877,1
3878,-1
3879,-2
3880,-2
3881,-1
3882,-1
3883,-1
3884,1
3885,1
3886,0
3887,-2
3888,-2
3889,1
3890,0
3891,1
3892,1
3893,-2
3894,-1
3895,0
3896,-2
3897,1
3898,-2
3899,-1
3900,-2
3901,0
3902,-2
3903,-1
3904,0
3905,1
3906,1
3907,-1
3908,0
3909,-2
3910,-2
3911,0
3912,1
3913,1
3914,-2
3915,1
3916,1
3917,1
3918,-2
3919,-2
3920,-2
3921,1
3922,-2
3923,-2
3924,-2
3925,-2
3926,-2
3927,-2
3928,-1
3929,1
3930,1
3931,-1
3932,1
3933,-2
3934,1
3935,1
3936,1
3937,1
3938,0
3939,0
3940,1
3941,0
3942,1
3943,-2
3944,0
3945,1
3946,0
3947,0
3948,1
3949,1
3950,-2
3951,0
3952,0
3953,-1
3954,-1
3955,0
3956,1
3957,1
3958,-2
3959,0
3960,0
3961,0
3962,-2
3963,-1
3964,-1
3965,0
3966,-1
3967,-2
3968,-2
3969,0
3970,1
3971,-1
3972,-2
3973,1
3974,-2
3975,0
3976,0
3977,-1
3978,1
3979,1
3980,0
3981,1
3982,-2
3983,-2
3984,0
3985,1
3986,-1
3987,0
3988,1
3989,-2
3990,1
3991,0
3992,-1
3993,0
3994,1
3995,-2
3996,0
3997,-1
3998,1
3999,-2
4000,-1
4001,-1
4002,-2
4003,1
4004,1
4005,-2
4006,-2
4007,1
4008,-2
4009,0
4010,0
4011,-1
4012,1
4013,1
4014,1
4015,-1
4016,0
4017,-2
4018,-2
4019,-1
4020,0
4021,-1
4022,-1
4023,0
4024,1
4025,-1
4026,1
4027,0
4028,-2
4029,1
4030,0
4031,-1
4032,-2
4033,-2
4034,1
4035,-2
4036,-2
4037,0
4038,0
4039,-1
4040,1
4041,-2
4042,1
4043,0
4044,1
4045,1
4046,0
4047,1
4048,0
4049,1
4050,-2
4051,1
4052,1
4053,-2
4054,-1
4055,-1
4056,-2
4057,-2
4058,-1
4059,-2
4060,-2
4061,-2
4062,-1
4063,-2
4064,-2
4065,-1
4066,-2
4067,1
4068,-2
4069,1
4070,-1
4071,-1
4072,-1
4073,-2
4074,1
4075,0
4076,1
4077,-1
4078,-2
4079,1
4080,0
4081,1
4082,-2
4083,1
4084,-1
4085,0
4086,-2
4087,-2
4088,1
4089,1
4090,1
4091,1
4092,-1
4093,0
4094,0
4095,0
4096,-1
4097,-2
4098,0
4099,-1
4100,-1
4101,0
4102,-2
4103,-1
4104,-2
4105,-2
4106,-1
4107,1
4108,-1
4109,1
4110,-1
4111,-2
4112,-1
4113,-1
4114,-2
4115,1
4116,-1
4117,-1
4118,-1
4119,-2
4120,1
4121,-2
4122,0
4123,1
4124,1
4125,-1
4126,-1
4127,1
4128,-2
4129,0
4130,-2
4131,0
4132,-2
4133,-1
4134,1
4135,1
4136,0
4137,0
4138,1
4139,1
4140,-1
4141,1
4142,0
4143,-2
4144,0
4145,1
4146,-2
4147,0
4148,0
4149,-2
4150,-1
4151,1
4152,-1
4153,-1
4154,-1
4155,-1
4156,0
4157,-2
4158,-1
4159,-2
4160,-1
4161,-2
4162,-1
4163,1
4164,0
4165,-1
4166,-1
4167,-1
4168,-2
4169,1
4170,-2
4171,0
4172,0
4173,0
4174,-2
4175,0
4176,-1
4177,-2
4178,1
4179,-2
4180,-1
4181,1
4182,1
4183,0
4184,0
4185,-1
4186,1
4187,-2
4188,0
4189,-2
4190,1
4191,0
4192,-2
4193,1
4194,1
4195,0
4196,1
4197,0
4198,1
4199,0
4200,0
4201,1
4202,-2
4203,-1
4204,-2
4205,1
4206,0
4207,0
4208,-1
4209,0
4210,0
4211,-2
4212,-1
4213,0
4214,-1
4215,0
4216,0
4217,-1
4218,-1
4219,1
4220,-2
4221,-1
4222,1
4223,-2
4224,-2
4225,-2
4226,0
4227,-1
4228,0
4229,-1
4230,0
4231,1
4232,1
4233,-2
4234,-2
4235,0
4236,0
4237,0
4238,-2
4239,-1
4240,-1
4241,0
4242,-2
4243,1
4244,-1
4245,-2
4246,1
4247,0
4248,-1
4249,-2
4250,0
4251,-2
4252,0
4253,1
4254,0
4255,-1
4256,0
4257,-1
4258,-1
4259,1
4260,-2
4261,-2
4262,-1
4263,1
4264,-1
4265,-1
4266,0
4267,1
4268,-2
4269,0
4270,0
4271,1
4272,-1
4273,-2
4274,-1
4275,1
4276,-2
4277,-1
4278,-1
4279,-2
4280,-2
4281,0
4282,0
4283,-1
4284,1
4285,0
4286,-1
4287,1
4288,-1
4289,1
4290,-2
4291,1
4292,-1
4293,1
4294,-2
4295,-2
4296,-2
4297,0
4298,0
4299,-2
4300,1
4301,-2
4302,-2
4303,-2
4304,0
4305,0
4306,-2
4307,1
4308,-1
4309,-1
4310,-2
4311,1
4312,1
4313,1
4314,0
4315,1
4316,-2
4317,-2
4318,1
4319,1
4320,-2
4321,-2
4322,1
4323,1
4324,0
4325,0
4326,0
4327,-1
4328,0
4329,-1
4330,-1
4331,-1
4332,-2
4333,1
4334,-1
4335,-1
4336,-1
4337,0
4338,-2
4339,1
4340,-1
4341,1
4342,1
4343,-1
4344,1
4345,-1
4346,-2
4347,-2
4348,-2
4349,-1
4350,0
4351,-1
4352,1
4353,1
4354,0
4355,1
4356,-2
4357,1
4358,1
4359,1
4360,-2
4361,-2
4362,1
4363,0
4364,0
4365,-1
4366,1
4367,-2
4368,0
4369,0
4370,-2
4371,-2
4372,-1
4373,-1
4374,-2
4375,-1
4376,-2
4377,-2
4378,1
4379,-1
4380,-2
4381,-2
4382,-1
4383,1
4384,-1
4385,-1
4386,-2
4387,-1
4388,1
4389,1
4390,-1
4391,-2
4392,-1
4393,0
4394,1
4395,1
4396,0
4397,0
4398,-2
4399,-2
4400,-1
4401,-1
4402,0
4403,-1
4404,1
4405,-2
4406,-1
4407,-2
4408,1
4409,1
4410,-2
4411,-2
4412,-1
4413,1
4414,0
4415,1
4416,1
4417,-1
4418,-1
4419,1
4420,0
4421,-2
4422,0
4423,1
4424,-2
4425,0
4426,1
4427,1
4428,1
4429,1
4430,-1
4431,-1
4432,-2
4433,1
4434,0
4435,1
4436,0
4437,-2
4438,-1
4439,0
4440,-2
4441,-2
4442,-2
4443,-1
4444,0
4445,1
4446,0
4447,-1
4448,1
4449,1
4450,1
4451,1
4452,1
4453,0
4454,1
4455,-2
4456,1
4457,-1
4458,1
4459,-2
4460,0
4461,-1
4462,0
4463,0
4464,1
4465,-1
4466,-1
4467,-1
4468,-2
4469,-2
4470,-2
4471,0
4472,-1
4473,1
4474,-1
4475,0
4476,1
4477,-1
4478,-1
4479,0
4480,-1
4481,-2
4482,1
4483,-2
4484,1
4485,-1
4486,-1
4487,-1
4488,1
4489,-2
4490,-2
4491,0
4492,1
4493,-2
4494,-2
4495,-2
4496,-2
4497,1
4498,-1
4499,-2
4500,0
4501,-2
4502,-1
4503,1
4504,0
4505,-1
4506,1
4507,-2
4508,-2
4509,1
4510,1
4511,-1
4512,-1
4513,0
4514,-1
4515,-1
4516,-2
4517,1
4518,-1
4519,-2
4520,-2
4521,-1
4522,0
4523,1
4524,-1
4525,0
4526,0
4527,-2
4528,-2
4529,-1
4530,-1
4531,0
4532,-2
4533,1
4534,-1
4535,1
4536,-1
4537,0
4538,-1
4539,0
4540,1
4541,0
4542,-2
4543,-2
4544,1
4545,-1
4546,-1
4547,-2
4548,-2
4549,-1
4550,1
4551,1
4552,1
4553,0
4554,-2
4555,-2
4556,1
4557,-1
4558,1
4559,1
4560,1
4561,-1
4562,1
4563,1
4564,-2
4565,-1
4566,-2
4567,1
4568,-1
4569,0
4570,0
4571,1
4572,-1
4573,-1
4574,-1
4575,1
4576,1
4577,-1
4578,-1
4579,0
4580,0
4581,-2
4582,-2
4583,0
4584,-2
4585,-2
4586,0
4587,1
4588,1
4589,-2
4590,1
4591,-2
4592,-2
4593,1
4594,-1
4595,0
4596,-1
4597,-1
4598,1
4599,-1
4600,1
4601,1
4602,0
4603,-2
4604,0
4605,0
4606,1
4607,-2
4608,-2
4609,0
4610,-1
4611,-1
4612,1
4613,-2
4614,-2
4615,-2
4616,-2
4617,0
4618,0
4619,1
4620,1
4621,0
4622,0
4623,-2
4624,1
4625,-1
4626,-1
4627,0
4628,-1
4629,-2
4630,-1
4631,1
4632,0
4633,-2
4634,1
4635,1
4636,-2
4637,-2
4638,1
4639,-1
4640,1
4641,1
4642,-2
4643,1
4644,0
4645,-1
4646,-1
4647,-2
4648,-1
4649,-1
4650,1
4651,-1
4652,1
4653,-2
4654,0
4655,0
4656,0
4657,0
4658,0
4659,-2
4660,-2
4661,-2
4662,0
4663,-2
4664,-2
4665,0
4666,0
4667,0
4668,0
4669,0
4670,0
4671,0
4672,-1
4673,0
4674,0
4675,0
4676,0
4677,0
4678,-2
4679,0
4680,-1
4681,-1
4682,1
4683,1
4684,-1
4685,1
4686,1
4687,-1
4688,-2
4689,-1
4690,-1
4691,-2
4692,-1
4693,-2
4694,0
4695,-2
4696,-1
4697,-2
4698,0
4699,0
4700,-2
4701,1
4702,0
4703,-2
4704,1
4705,-2
4706,1
4707,1
4708,-2
4709,-1
4710,1
4711,0
4712,1
4713,-2
4714,0
4715,-2
4716,-1
4717,-1
4718,1
4719,0
4720,0
4721,0
4722,1
4723,1
4724,-2
4725,1
4726,0
4727,1
4728,-2
4729,-1
4730,-1
4731,0
4732,-1
4733,0
4734,-1
4735,-1
4736,1
4737,0
4738,1
4739,-2
4740,-2
4741,-1
4742,-1
4743,0
4744,-2
4745,-1
4746,0
4747,1
4748,0
4749,-1
4750,1
4751,0
4752,0
4753,-2
4754,-1
4755,-1
4756,-1
4757,1
4758,0
4759,-2
4760,0
4761,-1
4762,0
4763,-2
4764,1
4765,-1
4766,-2
4767,1
4768,1
4769,-1
4770,-2
4771,-2
4772,-1
4773,1
4774,0
4775,0
4776,1
4777,-2
4778,-2
4779,-2
4780,0
4781,1
4782,0
4783,-2
4784,-2
4785,-1
4786,1
4787,-1
4788,1
4789,0
4790,-1
4791,-2
4792,-2
4793,0
4794,-1
4795,0
4796,-2
4797,-2
4798,1
4799,1
4800,1
4801,-1
4802,-2
4803,-1
4804,-2
4805,-2
4806,-1
4807,0
4808,-1
4809,0
4810,1
4811,-1
4812,-2
4813,-2
4814,-1
4815,-2
4816,-1
4817,-1
4818,-2
4819,-2
4820,-2
4821,-2
4822,-1
4823,1
4824,-1
4825,-2
4826,-2
4827,1
4828,1
4829,0
4830,0
4831,0
4832,-2
4833,1
4834,-2
4835,-2
4836,1
4837,-2
4838,1
4839,0
4840,1
4841,0
4842,-1
4843,1
4844,-2
4845,0
4846,0
4847,1
4848,0
4849,1
4850,0
4851,-1
4852,0
4853,0
4854,-1
4855,0
4856,1
4857,1
4858,-1
4859,-2
4860,-2
4861,-2
4862,-1
4863,1
4864,0
4865,-1
4866,0
4867,1
4868,0
4869,0
4870,1
4871,0
4872,-2
4873,0
4874,-1
4875,-2
4876,-1
4877,-2
4878,-2
4879,-1
4880,-1
4881,1
4882,-1
4883,1
4884,-2
4885,-2
4886,0
4887,1
4888,-1
4889,0
4890,1
4891,1
4892,1
4893,-2
4894,0
4895,-2
4896,-1
4897,1
4898,1
4899,-2
4900,-2
4901,-1
4902,-2
4903,1
4904,-2
4905,1
4906,-1
4907,-1
4908,-2
4909,1
4910,0
4911,1
4912,-1
4913,1
4914,1
4915,-1
4916,-2
4917,-2
4918,1
4919,-1
4920,1
4921,0
4922,1
4923,-1
4924,1
4925,1
4926,0
4927,-2
4928,-2
4929,-1
4930,0
4931,0
4932,-1
4933,1
4934,0
4935,-2
4936,1
4937,-1
4938,-2
4939,1
4940,1
4941,0
4942,-1
4943,0
4944,0
4945,-1
4946,-2
4947,1
4948,1
4949,0
4950,1
4951,0
4952,-1
4953,0
4954,-1
4955,-2
4956,1
4957,0
4958,1
4959,0
4960,1
4961,-2
4962,-1
4963,-1
4964,-2
4965,1
4966,-2
4967,1
4968,-2
4969,-1
4970,-2
4971,-2
4972,0
4973,1
4974,-1
4975,1
4976,0
4977,-2
4978,-2
4979,1
4980,0
4981,1
4982,1
4983,1
4984,-1
4985,1
4986,-2
4987,1
4988,1
4989,1
4990,-2
4991,0
4992,0
4993,0
4994,-2
4995,-1
4996,-2
4997,-2
4998,0
4999,0
5000,-1
5001,1
5002,-1
5003,0
5004,1
5005,-2
5006,-1
5007,-2
5008,1
5009,0
5010,1
5011,-1
5012,1
5013,-1
5014,0
5015,-2
5016,1
5017,-2
5018,1
5019,-1
5020,1
5021,0
5022,-2
5023,1
5024,1
5025,-1
5026,-1
5027,1
5028,-1
5029,0
5030,-2
5031,-2
5032,1
5033,-1
5034,0
5035,-2
5036,-1
5037,1
5038,0
5039,-1
5040,0
5041,-1
5042,1
5043,1
5044,0
5045,0
5046,0
5047,-2
5048,-1
5049,-2
5050,-1
5051,0
5052,0
5053,0
5054,1
5055,1
5056,0
5057,-2
5058,-2
5059,-1
5060,0
5061,-2
5062,0
5063,1
5064,0
5065,0
5066,-1
5067,-2
5068,0
5069,-1
5070,-2
5071,-1
5072,0
5073,1
5074,-1
5075,1
5076,-2
5077,-2
5078,-1
5079,1
5080,-1
5081,-2
5082,-1
5083,1
5084,1
5085,-1
5086,0
5087,1
5088,1
5089,-1
5090,-1
5091,-2
5092,-1
5093,1
5094,-2
5095,0
5096,1
5097,-1
5098,0
5099,-2
5100,-1
5101,-1
5102,1
5103,1
5104,-2
5105,-2
5106,-2
5107,-2
5108,0
5109,-2
5110,-2
5111,0
5112,0
5113,0
5114,-2
5115,-1
5116,-1
5117,1
5118,-1
5119,-1
5120,-1
5121,0
5122,1
5123,1
5124,1
5125,-2
5126,-2
5127,-2
5128,-2
5129,-2
5130,1
5131,0
5132,1
5133,-1
5134,0
5135,1
5136,-1
5137,1
5138,1
5139,-1
5140,0
5141,1
5142,0
5143,-1
5144,0
5145,-1
5146,-1
5147,-2
5148,-2
5149,1
5150,-1
5151,-2
5152,-1
5153,0
5154,-2
5155,-1
5156,0
5157,0
5158,1
5159,1
5160,0
5161,0
5162,1
5163,1
5164,-2
5165,-2
5166,0
5167,-2
5168,-2
5169,0
5170,1
5171,0
5172,-2
5173,-1
5174,1
5175,1
5176,0
5177,0
5178,1
5179,0
5180,-2
5181,1
5182,0
5183,0
5184,-2
5185,0
5186,1
5187,1
5188,-2
5189,1
5190,0
5191,-2
5192,1
5193,-2
5194,0
5195,0
5196,1
5197,1
5198,-2
5199,1
5200,-2
5201,-1
5202,-2
5203,1
5204,-1
5205,-1
5206,1
5207,-1
5208,-2
5209,-1
5210,-2
5211,-2
5212,-1
5213,-2
5214,-1
5215,-1
5216,0
5217,-1
5218,-2
5219,-1
5220,1
5221,1
5222,-1
5223,-1
5224,-1
5225,-1
5226,-2
5227,0
5228,0
5229,0
5230,0
5231,-1
5232,-1
5233,-1
5234,0
5235,0
5236,0
5237,0
5238,0
5239,0
5240,-2
5241,-1
5242,0
5243,-2
5244,-1
5245,-1
5246,-2
5247,1
5248,1
5249,0
5250,1
5251,0
5252,-2
5253,-2
5254,1
5255,-2
5256,-2
5257,1
5258,-1
5259,0
5260,-1
5261,-1
5262,0
5263,0
5264,0
5265,-1
5266,0
5267,-2
5268,0
5269,-2
5270,-1
5271,-1
5272,-1
5273,0
5274,-1
5275,1
5276,-2
5277,-2
5278,0
5279,1
5280,0
5281,0
5282,-1
5283,0
5284,1
5285,1
5286,0
5287,-2
5288,1
5289,-2
5290,-1
5291,-2
5292,-1
5293,1
5294,-1
5295,0
5296,0
5297,-2
5298,1
5299,-2
5300,1
5301,-2
5302,-2
5303,1
5304,-1
5305,1
5306,1
5307,1
5308,-2
5309,0
5310,-2
5311,0
5312,-1
5313,0
5314,0
5315,1
5316,-1
5317,0
5318,0
5319,0
5320,1
5321,-1
5322,0
5323,-1
5324,0
5325,-1
5326,-1
5327,0
5328,1
5329,1
5330,-1
5331,1
5332,-1
5333,-2
5334,1
5335,0
5336,-2
5337,-2
5338,1
5339,1
5340,1
5341,-1
5342,-2
5343,1
5344,-1
5345,1
5346,0
5347,-1
5348,-1
5349,0
5350,-1
5351,-2
5352,-2
5353,-1
5354,-2
5355,0
5356,0
5357,0
5358,1
5359,1
5360,-1
5361,0
5362,-1
5363,0
5364,1
5365,0
5366,0
5367,0
5368,0
5369,-2
5370,-2
5371,0
5372,-1
5373,1
5374,0
5375,1
5376,-1
5377,0
5378,-2
5379,0
5380,1
5381,-1
5382,-1
5383,1
5384,-1
5385,-2
5386,0
5387,-1
5388,-2
5389,-2
5390,1
5391,0
5392,0
5393,-2
5394,-1
5395,1
5396,1
5397,0
5398,0
5399,1
5400,1
5401,-1
5402,0
5403,0
5404,-1
5405,-1
5406,1
5407,-2
5408,0
5409,-2
5410,-1
5411,1
5412,-2
5413,0
5414,-2
5415,-2
5416,-1
5417,0
5418,1
5419,-1
5420,0
5421,0
5422,-2
5423,-2
5424,-1
5425,-1
5426,1
5427,1
5428,-2
5429,0
5430,0
5431,0
5432,-2
5433,-2
5434,1
5435,0
5436,0
5437,1
5438,-1
5439,0
5440,0
5441,-1
5442,-2
5443,0
5444,-1
5445,-1
5446,-2
5447,-2
5448,1
5449,0
5450,0
5451,-2
5452,0
5453,-1
5454,-2
5455,-1
5456,-1
5457,1
5458,1
5459,-2
5460,0
5461,-1
5462,1
5463,1
5464,-1
5465,0
5466,0
5467,-1
5468,0
5469,-1
5470,-1
5471,-1
5472,-1
5473,-1
5474,1
5475,1
5476,-2
5477,0
5478,0
5479,1
5480,-1
5481,-2
5482,0
5483,0
5484,-1
5485,-1
5486,0
5487,0
5488,1
5489,0
5490,-1
5491,-2
5492,1
5493,-2
5494,-2
5495,1
5496,-1
5497,-1
5498,1
5499,0
5500,-1
5501,0
5502,-2
5503,1
5504,0
5505,1
5506,0
5507,0
5508,-1
5509,1
5510,-1
5511,-2
5512,-1
5513,1
5514,-2
5515,-1
5516,-2
5517,-1
5518,0
5519,0
5520,-2
5521,-2
5522,0
5523,0
5524,-2
5525,-2
5526,1
5527,0
5528,-2
5529,0
5530,-2
5531,0
5532,1
5533,-1
5534,-2
5535,-2
5536,-1
5537,-2
5538,-2
5539,-1
5540,1
5541,-1
5542,-2
5543,1
5544,-1
5545,0
5546,0
5547,-1
5548,-2
5549,1
5550,-1
5551,1
5552,0
5553,1
5554,0
5555,1
5556,0
5557,0
5558,1
5559,-2
5560,0
5561,-1
5562,-1
5563,0
5564,-2
5565,-1
5566,1
5567,0
5568,-2
5569,-2
5570,0
5571,1
5572,-2
5573,1
5574,0
5575,1
5576,0
5577,-1
5578,1
5579,1
5580,0
5581,0
5582,-2
5583,0
5584,-2
5585,-2
5586,-2
5587,0
5588,0
5589,1
5590,-1
5591,-2
5592,1
5593,-1
5594,-1
5595,0
5596,1
5597,1
5598,1
5599,0
5600,0
5601,-2
5602,-2
5603,0
5604,0
5605,0
5606,0
5607,-1
5608,1
5609,-1
5610,1
5611,1
5612,0
5613,0
5614,0
5615,-1
5616,-2
5617,1
5618,-1
5619,-2
5620,-2
5621,0
5622,-1
5623,0
5624,0
5625,-2
5626,1
5627,1
5628,1
5629,-1
5630,-2
5631,0
5632,1
5633,0
5634,-2
5635,0
5636,1
5637,-2
5638,0
5639,0
5640,-1
5641,0
5642,-2
5643,-1
5644,-1
5645,0
5646,-1
5647,-2
5648,-2
5649,-2
5650,-1
5651,-1
5652,-1
5653,-2
5654,0
5655,0
5656,-1
5657,0
5658,-1
5659,-1
5660,-1
5661,-1
5662,0
5663,0
5664,1
5665,0
5666,-2
5667,0
5668,-1
5669,0
5670,1
5671,1
5672,0
5673,-1
5674,1
5675,0
5676,-2
5677,1
5678,0
5679,-2
5680,-1
5681,-2
5682,1
5683,0
5684,-1
5685,-1
5686,-2
5687,-1
5688,1
5689,0
5690,-1
5691,0
5692,0
5693,-2
5694,-1
5695,-1
5696,-1
5697,-1
5698,0
5699,0
5700,-2
5701,1
5702,-2
5703,1
5704,-2
5705,0
5706,0
5707,0
5708,-1
5709,0
5710,-2
5711,0
5712,-2
5713,-1
5714,0
5715,0
5716,1
5717,-1
5718,-2
5719,-2
5720,0
5721,1
5722,-1
5723,0
5724,0
5725,1
5726,0
5727,-1
5728,-2
5729,-2
5730,0
5731,-1
5732,-2
5733,0
5734,1
5735,-2
5736,0
5737,0
5738,0
5739,0
5740,-1
5741,-2
5742,1
5743,-2
5744,0
5745,0
5746,-2
5747,0
5748,-2
5749,1
5750,-2
5751,-1
5752,-1
5753,0
5754,0
5755,-2
5756,1
5757,1
5758,0
5759,1
5760,-1
5761,0
5762,0
5763,-2
5764,0
5765,-1
5766,-1
5767,-1
5768,-1
5769,0
5770,1
5771,1
5772,0
5773,0
5774,0
5775,1
5776,-1
5777,0
5778,0
5779,-1
5780,-1
5781,0
5782,-1
5783,0
5784,0
5785,-2
5786,-2
5787,-1
5788,0
5789,0
5790,-2
5791,1
5792,-1
5793,-1
5794,-1
5795,-1
5796,1
5797,0
5798,0
5799,-1
5800,0
5801,0
5802,-2
5803,0
5804,-2
5805,-1
5806,1
5807,1
5808,1
5809,-2
5810,1
5811,1
5812,-1
5813,-1
5814,1
5815,-2
5816,-1
5817,-1
5818,0
5819,-2
5820,-1
5821,-2
5822,0
5823,1
5824,0
5825,-2
5826,1
5827,-1
5828,1
5829,-2
5830,-1
5831,0
5832,-2
5833,-1
5834,0
5835,-2
5836,0
5837,-2
5838,-2
5839,-1
5840,1
5841,-1
5842,-1
5843,1
5844,-1
5845,1
5846,-2
5847,-2
5848,0
5849,-2
5850,1
5851,-1
5852,1
5853,-2
5854,0
5855,-2
5856,0
5857,0
5858,0
5859,-1
5860,0
5861,0
5862,1
5863,-2
5864,1
5865,1
5866,-1
5867,-1
5868,1
5869,0
5870,0
5871,0
5872,-2
5873,0
5874,1
5875,-2
5876,0
5877,1
5878,-1
5879,1
5880,1
5881,1
5882,1
5883,-1
5884,-1
5885,1
5886,0
5887,1
5888,1
5889,-2
5890,1
5891,1
5892,-1
5893,1
5894,-1
5895,1
5896,0
5897,-1
5898,0
5899,1
5900,0
5901,-2
5902,-2
5903,-1
5904,-1
5905,-2
5906,-1
5907,1
5908,-1
5909,0
5910,-1
5911,-2
5912,-2
5913,-1
5914,1
5915,-2
5916,1
5917,-2
5918,-2
5919,-2
5920,1
5921,0
5922,0
5923,1
5924,0
5925,0
5926,-1
5927,-2
5928,1
5929,-2
5930,-2
5931,-2
5932,-1
5933,0
5934,0
5935,1
5936,1
5937,0
5938,-2
5939,-1
5940,0
5941,0
5942,0
5943,1
5944,-2
5945,-2
5946,-1
5947,-2
5948,-2
5949,1
5950,0
5951,-1
5952,1
5953,-1
5954,1
5955,-2
5956,-2
5957,1
5958,-1
5959,-1
5960,0
5961,0
5962,1
5963,0
5964,-2
5965,-2
5966,-2
5967,-2
5968,-1
5969,0
5970,-2
5971,1
5972,-1
5973,1
5974,-1
5975,-2
5976,-2
5977,-2
5978,-2
5979,-1
5980,-2
5981,0
5982,-2
5983,1
5984,-2
5985,-1
5986,1
5987,-1
5988,1
5989,-1
5990,0
5991,-1
5992,-2
5993,-1
5994,-2
5995,0
5996,1
5997,1
5998,1
5999,-2
6000,-1
6001,-2
6002,1
6003,1
6004,1
6005,0
6006,-2
6007,-2
6008,1
6009,-1
6010,-1
6011,1
6012,0
6013,-1
6014,1
6015,0
6016,1
6017,-2
6018,0
6019,-2
6020,0
6021,-2
6022,1
6023,-1
6024,0
6025,0
6026,0
6027,0
6028,-1
6029,-2
6030,-2
6031,0
6032,0
6033,-2
6034,1
6035,-1
6036,1
6037,-1
6038,1
6039,-1
6040,1
6041,1
6042,1
6043,1
6044,-1
6045,-1
6046,-1
6047,-1
6048,-2
6049,-2
6050,-1
6051,-1
6052,0
6053,1
6054,1
6055,-1
6056,-1
6057,1
6058,0
6059,0
6060,-2
6061,0
6062,1
6063,0
6064,1
6065,0
6066,-2
6067,-2
6068,0
6069,-2
6070,1
6071,1
6072,1
6073,-2
6074,0
6075,1
6076,-1
6077,1
6078,0
6079,-1
6080,0
6081,-2
6082,-2
6083,1
6084,-2
6085,-2
6086,-2
6087,-2
6088,1
6089,0
6090,-2
6091,0
6092,1
6093,-2
6094,-1
6095,0
6096,-1
6097,-1
6098,-2
6099,1
6100,-2
6101,-2
6102,-1
6103,0
6104,0
6105,-2
6106,0
6107,-2
6108,-1
6109,-1
6110,0
6111,-2
6112,-1
6113,1
6114,1
6115,0
6116,-2
6117,1
6118,1
6119,1
6120,-1
6121,-1
6122,-1
6123,-1
6124,-1
6125,-2
6126,-1
6127,1
6128,-1
6129,-2
6130,-2
6131,1
6132,-2
6133,-2
6134,0
6135,0
6136,-1
6137,0
6138,1
6139,-1
6140,1
6141,0
6142,0
6143,-2
6144,1
6145,-2
6146,1
6147,-2
6148,1
6149,0
6150,-1
6151,-2
6152,0
6153,1
6154,0
6155,0
6156,-2
6157,-2
6158,1
6159,-2
6160,1
6161,-1
6162,-1
6163,0
6164,-2
6165,0
6166,-1
6167,1
6168,0
6169,0
6170,-1
6171,-2
6172,1
6173,0
6174,0
6175,1
6176,1
6177,0
6178,1
6179,-1
6180,1
6181,1
6182,-1
6183,0
6184,1
6185,0
6186,-2
6187,-2
6188,-2
6189,-1
6190,1
6191,0
6192,-1
6193,-1
6194,-1
6195,1
6196,-2
6197,1
6198,-2
6199,-2
6200,-1
6201,0
6202,1
6203,-1
6204,0
6205,-1
6206,-1
6207,1
6208,0
6209,-2
6210,-2
6211,0
6212,0
6213,-1
6214,1
6215,0
6216,-2
6217,0
6218,0
6219,-1
6220,-2
6221,-1
6222,-1
6223,1
6224,0
6225,0
6226,0
6227,1
6228,-2
6229,-2
6230,1
6231,-1
6232,1
6233,-1
6234,1
6235,-2
6236,0
6237,0
6238,-2
6239,1
6240,-1
6241,-1
6242,1
6243,-2
6244,-1
6245,0
6246,1
6247,0
6248,0
6249,-1
6250,-2
6251,-2
6252,-2
6253,0
6254,1
6255,1
6256,-2
6257,1
6258,-1
6259,1
6260,-1
6261,0
6262,-1
6263,-1
6264,-2
6265,-2
6266,-2
6267,-2
6268,-2
6269,-1
6270,0
6271,-1
6272,1
6273,-2
6274,-1
6275,-2
6276,-2
6277,-1
6278,-2
6279,1
6280,-1
6281,-1
6282,-1
6283,-1
6284,-2
6285,1
6286,-2
6287,-2
6288,1
6289,-2
6290,1
6291,-2
6292,-1
6293,-2
6294,1
6295,0
6296,-2
6297,-1
6298,-2
6299,-2
6300,-2
6301,0
6302,-2
6303,1
6304,-2
6305,1
6306,0
6307,-2
6308,-1
6309,-2
6310,-2
6311,-2
6312,-2
6313,1
6314,0
6315,0
6316,1
6317,0
6318,-1
6319,0
6320,-2
6321,-1
6322,-1
6323,-1
6324,-2
6325,-1
6326,-2
6327,0
6328,-2
6329,-1
6330,-1
6331,1
6332,0
6333,-1
6334,1
6335,-2
6336,-2
6337,-1
6338,-1
6339,-1
6340,-2
6341,-1
6342,0
6343,0
6344,0
6345,-2
6346,-1
6347,-2
6348,1
6349,1
6350,0
6351,-2
6352,0
6353,0
6354,1
6355,-2
6356,0
6357,1
6358,0
6359,-2
6360,-2
6361,0
6362,-1
6363,1
6364,-2
6365,1
6366,-1
6367,0
6368,0
6369,-1
6370,-2
6371,0
6372,1
6373,-1
6374,-1
6375,1
6376,1
6377,0
6378,-2
6379,-2
6380,0
6381,-2
6382,-1
6383,0
6384,1
6385,-1
6386,-2
6387,-2
6388,-1
6389,1
6390,-2
6391,-1
6392,0
6393,1
6394,-1
6395,-2
6396,-2
6397,0
6398,0
6399,-1
6400,0
6401,1
6402,1
6403,-2
6404,-1
6405,1
6406,-2
6407,0
6408,-2
6409,-2
6410,-2
6411,0
6412,-2
6413,-2
6414,-1
6415,-2
6416,1
6417,-2
6418,1
6419,-2
6420,-1
6421,-2
6422,0
6423,1
6424,-1
6425,-2
6426,0
6427,-1
6428,-2
6429,0
6430,-1
6431,1
6432,0
6433,-1
6434,-1
6435,-2
6436,1
6437,0
6438,0
6439,0
6440,0
6441,0
6442,-1
6443,0
6444,0
6445,0
6446,0
6447,1
6448,1
6449,-2
6450,0
6451,-1
6452,0
6453,1
6454,-2
6455,0
6456,-1
6457,-1
6458,-2
6459,-2
6460,-1
6461,-1
6462,-1
6463,1
6464,0
6465,1
6466,0
6467,-2
6468,-1
6469,-1
6470,1
6471,-2
6472,0
6473,0
6474,-2
6475,0
6476,0
6477,-2
6478,-1
6479,-2
6480,-2
6481,-1
6482,1
6483,1
6484,-1
6485,0
6486,1
6487,0
6488,-1
6489,-1
6490,0
6491,-1
6492,0
6493,1
6494,0
6495,1
6496,-2
6497,1
6498,1
6499,0
6500,-1
6501,-2
6502,0
6503,1
6504,1
6505,0
6506,0
6507,0
6508,1
6509,0
6510,0
6511,-2
6512,0
6513,1
6514,1
6515,-2
6516,1
6517,-1
6518,-2
6519,0
6520,-1
6521,0
6522,-1
6523,1
6524,0
6525,1
6526,-2
6527,0
6528,-2
6529,1
6530,1
6531,1
6532,-2
6533,1
6534,1
6535,0
6536,-1
6537,-2
6538,1
6539,0
6540,0
6541,-1
6542,0
6543,0
6544,-2
6545,1
6546,1
6547,-1
6548,-1
6549,-1
6550,-2
6551,-2
6552,0
6553,0
6554,-2
6555,0
6556,1
6557,-1
6558,1
6559,0
6560,0
6561,-1
6562,1
6563,1
6564,-1
6565,-2
6566,1
6567,-1
6568,-2
6569,-1
6570,1
6571,-2
6572,-2
6573,0
6574,0
6575,-2
6576,0
6577,-1
6578,1
6579,-2
6580,-2
6581,-2
6582,0
6583,0
6584,1
6585,0
6586,0
6587,-2
6588,-1
6589,0
6590,-2
6591,1
6592,-1
6593,1
6594,0
6595,0
6596,0
6597,-2
6598,-1
6599,0
6600,-2
6601,1
6602,-2
6603,0
6604,0
6605,1
6606,-1
6607,0
6608,0
6609,1
6610,-1
6611,-1
6612,-2
6613,-2
6614,0
6615,1
6616,-2
6617,0
6618,-2
6619,-2
6620,-1
6621,0
6622,-2
6623,1
6624,1
6625,1
6626,1
6627,-2
6628,0
6629,-2
6630,-1
6631,1
6632,1
6633,-1
6634,-1
6635,1
6636,1
6637,0
6638,-2
6639,1
6640,0
6641,-1
6642,0
6643,1
6644,-2
6645,-1
6646,1
6647,0
6648,1
6649,-2
6650,-1
6651,0
6652,-2
6653,0
6654,0
6655,-1
6656,-2
6657,1
6658,0
6659,0
6660,1
6661,-2
6662,1
6663,1
6664,-2
6665,-2
6666,1
6667,1
6668,-2
6669,0
6670,0
6671,-1
6672,1
6673,0
6674,0
6675,1
6676,-2
6677,-2
6678,0
6679,-1
6680,1
6681,-2
6682,-1
6683,-2
6684,0
6685,1
6686,-2
6687,1
6688,-1
6689,1
6690,0
6691,-1
6692,-1
6693,-1
6694,1
6695,-2
6696,-1
6697,1
6698,0
6699,1
6700,1
6701,-1
6702,0
6703,-2
6704,-1
6705,-1
6706,1
6707,0
6708,-2
6709,1
6710,1
6711,-2
6712,0
6713,-2
6714,-1
6715,1
6716,0
6717,1
6718,0
6719,0
6720,-1
6721,-1
6722,1
6723,-2
6724,0
6725,-2
6726,-1
6727,0
6728,-1
6729,-2
6730,1
6731,0
6732,-2
6733,1
6734,1
6735,-2
6736,-2
6737,-1
6738,-1
6739,1
6740,-1
6741,-1
6742,1
6743,-2
6744,-2
6745,1
6746,1
6747,-2
6748,-1
6749,1
6750,-2
6751,-2
6752,-1
6753,1
6754,-2
6755,0
6756,-2
6757,1
6758,0
6759,-2
6760,-2
6761,-2
6762,-2
6763,-1
6764,1
6765,1
6766,1
6767,0
6768,1
6769,-1
6770,-1
6771,-2
6772,-2
6773,0
6774,-1
6775,-1
6776,-1
6777,0
6778,1
6779,-1
6780,-2
6781,0
6782,1
6783,0
6784,-2
6785,0
6786,0
6787,-1
6788,-1
6789,-2
6790,0
6791,1
6792,-2
6793,1
6794,0
6795,-1
6796,-2
6797,1
6798,1
6799,0
6800,0
6801,-2
6802,1
6803,1
6804,-2
6805,0
6806,-2
6807,0
6808,-1
6809,0
6810,-2
6811,0
6812,0
6813,1
6814,-2
6815,-2
6816,-1
6817,-1
6818,1
6819,-1
6820,-2
6821,0
6822,1
6823,-2
6824,-1
6825,-1
6826,0
6827,0
6828,1
6829,-2
6830,1
6831,1
6832,-1
6833,1
6834,0
6835,-2
6836,-1
6837,1
6838,-1
6839,-2
6840,-2
6841,1
6842,-1
6843,1
6844,-1
6845,-2
6846,1
6847,1
6848,0
6849,-1
6850,-1
6851,-1
6852,-1
6853,0
6854,-2
6855,1
6856,1
6857,1
6858,-2
6859,-2
6860,-1
6861,-2
6862,1
6863,0
6864,1
6865,-1
6866,1
6867,1
6868,-2
6869,0
6870,-1
6871,0
6872,-2
6873,-1
6874,0
6875,0
6876,-1
6877,0
6878,-2
6879,-2
6880,-1
6881,-2
6882,-2
6883,-1
6884,0
6885,1
6886,-1
6887,-1
6888,1
6889,-1
6890,-1
6891,1
6892,0
6893,-2
6894,0
6895,0
6896,-2
6897,-2
6898,1
6899,-1
6900,0
6901,0
6902,-2
6903,-1
6904,-2
6905,-2
6906,1
6907,0
6908,1
6909,1
6910,1
6911,-1
6912,-1
6913,-1
6914,-1
6915,1
6916,-2
6917,1
6918,-2
6919,1
6920,1
6921,0
6922,-2
6923,-1
6924,1
6925,1
6926,-1
6927,0
6928,1
6929,0
6930,-2
6931,1
6932,1
6933,-1
6934,-1
6935,-2
6936,1
6937,1
6938,-2
6939,-1
6940,0
6941,0
6942,-1
6943,-1
6944,0
6945,0
6946,-2
6947,-2
6948,-2
6949,-1
6950,-2
6951,1
6952,-2
6953,1
6954,-2
6955,-1
6956,1
6957,-2
6958,1
6959,-1
6960,0
6961,0
6962,1
6963,1
6964,-1
6965,-1
6966,-2
6967,0
6968,0
6969,1
6970,-2
6971,0
6972,0
6973,1
6974,1
6975,-2
6976,0
6977,-1
6978,1
6979,-2
6980,1
6981,-1
6982,-2
6983,-1
6984,-1
6985,1
6986,-1
6987,1
6988,-1
6989,-2
6990,0
6991,-1
6992,-1
6993,1
6994,-2
6995,-2
6996,1
6997,-2
6998,-2
6999,0
7000,1
7001,-1
7002,0
7003,-1
7004,-2
7005,-2
7006,0
7007,-2
7008,1
7009,0
7010,0
7011,-1
7012,-1
7013,-1
7014,1
7015,0
7016,0
7017,1
7018,0
7019,-1
7020,1
7021,-2
7022,0
7023,0
7024,-2
7025,0
7026,0
7027,0
7028,1
7029,-1
7030,1
7031,-2
7032,-1
7033,-1
7034,-1
7035,0
7036,-1
7037,-2
7038,0
7039,0
7040,0
7041,-2
7042,-1
7043,0
7044,0
7045,-1
7046,0
7047,1
7048,-1
7049,-1
7050,-1
7051,-2
7052,0
7053,1
7054,0
7055,-2
7056,1
7057,-2
7058,-1
7059,-1
7060,0
7061,0
7062,-1
7063,-2
7064,0
